muav(1) = 0.1319;
musv(1) = 8.2392;
gv(1) = 0.1319;
nv(1) = 0.1319;

muav(2) = 0.0428;
musv(2) = 10.9856;
gv(2) = 0.0428;
nv(2) = 0.0428;

muav(3) = 0.0423;
musv(3) = 10.9856;
gv(3) = 0.0423;
nv(3) = 0.0423;

muav(4) = 0.0428;
musv(4) = 10.9856;
gv(4) = 0.0428;
nv(4) = 0.0428;

muav(5) = 0.0414;
musv(5) = 10.9856;
gv(5) = 0.0414;
nv(5) = 0.0414;

muav(6) = 5.8227;
musv(6) = 5.4928;
gv(6) = 5.8227;
nv(6) = 5.8227;

