muav(1) = 0.1420;
musv(1) = 15.0000;
gv(1) = 0.9000;
nv(1) = 1.3300;

muav(2) = 0.1315;
musv(2) = 20.0000;
gv(2) = 0.9000;
nv(2) = 1.3700;

muav(3) = 0.1152;
musv(3) = 20.0000;
gv(3) = 0.9000;
nv(3) = 1.4000;

muav(4) = 0.1160;
musv(4) = 20.0000;
gv(4) = 0.9000;
nv(4) = 1.4000;

muav(5) = 0.1923;
musv(5) = 10.0000;
gv(5) = 0.9000;
nv(5) = 1.4400;

