muav(1) = 0.1602;
musv(1) = 10.5933;
gv(1) = 0.9000;
nv(1) = 1.3300;

muav(2) = 0.1895;
musv(2) = 14.1244;
gv(2) = 0.9000;
nv(2) = 1.3700;

muav(3) = 0.1712;
musv(3) = 14.1244;
gv(3) = 0.9000;
nv(3) = 1.4000;

muav(4) = 0.1722;
musv(4) = 14.1244;
gv(4) = 0.9000;
nv(4) = 1.4000;

muav(5) = 0.8326;
musv(5) = 7.0622;
gv(5) = 0.9000;
nv(5) = 1.4400;

