muav(1) = 0.1698;
musv(1) = 10.6521;
gv(1) = 0.9000;
nv(1) = 1.3300;

muav(2) = 0.3047;
musv(2) = 14.2028;
gv(2) = 0.9000;
nv(2) = 1.3700;

muav(3) = 0.3999;
musv(3) = 14.2028;
gv(3) = 0.9000;
nv(3) = 1.4000;

muav(4) = 0.3042;
musv(4) = 14.2028;
gv(4) = 0.9000;
nv(4) = 1.4000;

muav(5) = 0.5093;
musv(5) = 14.2028;
gv(5) = 0.9000;
nv(5) = 1.4000;

muav(6) = 0.7482;
musv(6) = 7.1014;
gv(6) = 0.9000;
nv(6) = 1.4400;

