muav(1) = 0.1146;
musv(1) = 10.8421;
gv(1) = 0.9000;
nv(1) = 1.3300;

muav(2) = 0.1771;
musv(2) = 14.4562;
gv(2) = 0.9000;
nv(2) = 1.3700;

muav(3) = 0.2394;
musv(3) = 14.4562;
gv(3) = 0.9000;
nv(3) = 1.4000;

muav(4) = 0.1769;
musv(4) = 14.4562;
gv(4) = 0.9000;
nv(4) = 1.4000;

muav(5) = 0.3119;
musv(5) = 14.4562;
gv(5) = 0.9000;
nv(5) = 1.4000;

muav(6) = 0.3776;
musv(6) = 7.2281;
gv(6) = 0.9000;
nv(6) = 1.4400;

