muav(1) = 0.2142;
musv(1) = 8.0106;
gv(1) = 0.9000;
nv(1) = 1.3300;

muav(2) = 29.9582;
musv(2) = 10.6808;
gv(2) = 0.9000;
nv(2) = 1.3700;

muav(3) = 19.1913;
musv(3) = 10.6808;
gv(3) = 0.9000;
nv(3) = 1.4000;

muav(4) = 18.2901;
musv(4) = 10.6808;
gv(4) = 0.9000;
nv(4) = 1.4000;

muav(5) = 10.8379;
musv(5) = 10.6808;
gv(5) = 0.9000;
nv(5) = 1.4000;

muav(6) = 8.1830;
musv(6) = 5.3404;
gv(6) = 0.9000;
nv(6) = 1.4400;

