muav(1) = 0.1528;
musv(1) = 10.7317;
gv(1) = 0.9000;
nv(1) = 1.3300;

muav(2) = 0.2639;
musv(2) = 14.3089;
gv(2) = 0.9000;
nv(2) = 1.3700;

muav(3) = 0.2480;
musv(3) = 14.3089;
gv(3) = 0.9000;
nv(3) = 1.4000;

muav(4) = 0.2473;
musv(4) = 14.3089;
gv(4) = 0.9000;
nv(4) = 1.4000;

muav(5) = 0.2407;
musv(5) = 14.3089;
gv(5) = 0.9000;
nv(5) = 1.4000;

muav(6) = 0.5679;
musv(6) = 7.1544;
gv(6) = 0.9000;
nv(6) = 1.4400;

