muav(1) = 0.2543;
musv(1) = 8.0106;
gv(1) = 0.9000;
nv(1) = 1.3300;

muav(2) = 0.3644;
musv(2) = 10.6808;
gv(2) = 0.9000;
nv(2) = 1.3700;

muav(3) = 0.3574;
musv(3) = 10.6808;
gv(3) = 0.9000;
nv(3) = 1.4000;

muav(4) = 0.3577;
musv(4) = 10.6808;
gv(4) = 0.9000;
nv(4) = 1.4000;

muav(5) = 0.4830;
musv(5) = 5.3404;
gv(5) = 0.9000;
nv(5) = 1.4400;

