muav(1) = 0.2017;
musv(1) = 10.6087;
gv(1) = 0.9000;
nv(1) = 1.3300;

muav(2) = 2.0380;
musv(2) = 14.1449;
gv(2) = 0.9000;
nv(2) = 1.3700;

muav(3) = 2.0828;
musv(3) = 14.1449;
gv(3) = 0.9000;
nv(3) = 1.4000;

muav(4) = 2.0111;
musv(4) = 14.1449;
gv(4) = 0.9000;
nv(4) = 1.4000;

muav(5) = 2.1072;
musv(5) = 14.1449;
gv(5) = 0.9000;
nv(5) = 1.4000;

muav(6) = 1.8393;
musv(6) = 7.0725;
gv(6) = 0.9000;
nv(6) = 1.4400;

