muav(1) = 0.1420;
musv(1) = 10.6087;
gv(1) = 0.9000;
nv(1) = 1.3300;

muav(2) = 0.1027;
musv(2) = 14.1449;
gv(2) = 0.9000;
nv(2) = 1.3700;

muav(3) = 0.1025;
musv(3) = 14.1449;
gv(3) = 0.9000;
nv(3) = 1.4000;

muav(4) = 0.1012;
musv(4) = 14.1449;
gv(4) = 0.9000;
nv(4) = 1.4000;

muav(5) = 0.1804;
musv(5) = 7.0725;
gv(5) = 0.9000;
nv(5) = 1.4400;

