muav(1) = 0.3860;
musv(1) = 8.1074;
gv(1) = 0.9000;
nv(1) = 1.3300;

muav(2) = 27.8090;
musv(2) = 10.8099;
gv(2) = 0.9000;
nv(2) = 1.3700;

muav(3) = 18.9911;
musv(3) = 10.8099;
gv(3) = 0.9000;
nv(3) = 1.4000;

muav(4) = 18.1506;
musv(4) = 10.8099;
gv(4) = 0.9000;
nv(4) = 1.4000;

muav(5) = 11.4391;
musv(5) = 10.8099;
gv(5) = 0.9000;
nv(5) = 1.4000;

muav(6) = 8.3205;
musv(6) = 5.4049;
gv(6) = 0.9000;
nv(6) = 1.4400;

