muav(1) = 0.4583;
musv(1) = 8.1074;
gv(1) = 0.9000;
nv(1) = 1.3300;

muav(2) = 0.7146;
musv(2) = 10.8099;
gv(2) = 0.9000;
nv(2) = 1.3700;

muav(3) = 0.7137;
musv(3) = 10.8099;
gv(3) = 0.9000;
nv(3) = 1.4000;

muav(4) = 0.6987;
musv(4) = 10.8099;
gv(4) = 0.9000;
nv(4) = 1.4000;

muav(5) = 0.6625;
musv(5) = 5.4049;
gv(5) = 0.9000;
nv(5) = 1.4400;

